 Td        ID        Tj        Df        Dd        Db
  4         3         4         0         4         0
  5      2004         4         0         1         1
  5      2005         4         0         1         1
  5      2011         5         0         0         0
  5         5         4         0         1         1
  5         9         5         0         0         0
  6      2008         5         0         1         1
  6      2003         4         0         2         2
  7        15         6         0         1         1
  7      2017         6         0         1         1
  7      2010         5         1         1         2
  7        20         6         0         1         1
  7        17         6         0         1         1
  7        18         6         0         1         1
  8      2002         4         0         4         4
  8      2018         6         0         2         2
  8        10         5         0         3         3
  9      2007         5         1         3         4
  9      4001         9         0         0         0
 10      2009         5         0         5         5
 10      2021         9         0         1         1
 10      2020         6         0         4         4
 10      2023         9         0         1         1
 11      2006         4         0         7         7
 11      2022         9         0         2         2
 12      2025         9         2         1         3
 12      2001         4         0         8         8
 12      2024         9         0         3         3
 13      2000         4         0         9         9
 14      2013         5         1         8         9
 15      2012         5         1         9        10
 15      2026         9         2         4         6
 15      2032        15         0         0         0
 15        27         9         0         6         6
 15        34        15         0         0         0
 16      2028        15         0         1         1
 17        37        17         0         0         0
 18        40        17         0         1         1
 18        39        17         0         1         1
 19      2034        15         1         3         4
 21      2027         9         2        10        12
 21      2035        17         0         4         4
 22      2036        17         1         4         5
 22      2039        17         0         5         5
 23      2052        20         0         3         3
 23      2040        17         0         6         6
 23      2037        17         1         5         6
 24      2059        21         1         2         3
 24      2043        19         1         4         5
 24        64        22         1         1         2
 24        56        20         0         4         4
 25      2038        17         4         4         8
 25      2074        25         0         0         0
 25        43        19         0         6         6
 26      2031        15         0        11        11
 26      2050        20         2         4         6
 26      2048        19         0         7         7
 26        19         6         0        20        20
 27      2058        21         0         6         6
 27      2051        20         0         7         7
 27        67        22         1         4         5
 27        74        25         1         1         2
 27        75        25         0         2         2
 27        53        20         0         7         7
 27        36        17         0        10        10
 28      2054        20         0         8         8
 28      2062        21         5         2         7
 28      2064        22         0         6         6
 28        61        21         0         7         7
 28        69        22         0         6         6
 29      2068        22         0         7         7
 29        73        25         1         3         4
 30      2029        15         0        15        15
 30      2056        21         3         6         9
 30        66        22         1         7         8
 30        63        21         2         7         9
 31      2069        22         3         6         9
 31      2061        21         0        10        10
 31      2041        17         0        14        14
 31        42        17         0        14        14
 32      2075        25         0         7         7
 32        44        19         0        13        13
 33      2030        15         0        18        18
 33      2057        21         0        12        12
 34      2042        19         1        14        15
 34      2070        25         0         9         9
 35      2071        25         0        10        10
 35      2077        35         0         0         0
 35        82        35         0         0         0
 36      2066        22         3        11        14
 36        79        35         0         1         1
 37      2055        20         3        14        17
 38      2053        20         2        16        18
 38        23         9         0        29        29
 39      2082        35         1         3         4
 40      2073        25         5        10        15
 40      2033        15         1        24        25
 40      2083        35         0         5         5
 40        91        39         0         1         1
 41      2081        35         0         6         6
 43      2085        39         1         3         4
 43      2078        35         1         7         8
 44      2063        22         3        19        22
 44      2089        39         0         5         5
 44        92        44         0         0         0
 45        97        44         0         1         1
 46      2087        39         3         4         7
 46        76        25         0        21        21
 47      2047        19         1        27        28
 47       111        47         0         0         0
 48      2109        47         0         1         1
 49      2065        22         3        24        27
 49      2067        22         4        23        27
 49      2049        20         2        27        29
 49      2100        46         0         3         3
 49       109        47         0         2         2
 49       112        47         0         2         2
 49       117        49         0         0         0
 49        84        35         0        14        14
 50      2046        19         1        30        31
 50      2080        35         4        11        15
 50       118        49         1         0         1
 50        83        35         0        15        15
 52      2096        44         4         4         8
 52      2102        46         1         5         6
 52       106        47         0         5         5
 53      2060        21         3        29        32
 53      2105        47         4         2         6
 53      2104        46         0         7         7
 53       133        52         0         1         1
 54      2044        19         1        34        35
 54      2090        39         3        12        15
 54      2045        19         1        34        35
 54      2120        51         0         3         3
 54       125        51         0         3         3
 55      2106        47         3         5         8
 55      2110        47         0         8         8
 55        51        20         0        35        35
 56      2111        47         4         5         9
 56      2121        51         1         4         5
 56      2107        47         4         5         9
 56       121        51         0         5         5
 57      2093        44         4         9        13
 57       130        52         1         4         5
 57       114        49         2         6         8
 57        65        22         1        34        35
 58       132        52         1         5         6
 58        57        21         3        34        37
 59       127        52         0         7         7
 59       148        59         0         0         0
 59        52        20         0        39        39
 59        48        19         0        40        40
 59        47        19         0        40        40
 59         2         4         0        55        55
 59        26         9         0        50        50
 59        46        19         0        40        40
 59        77        25         1        33        34
 59        31        15         0        44        44
 59        58        21         0        38        38
 59        68        22         1        36        37
 59        45        19         0        40        40
 59        93        44         0        15        15
 59        81        35         0        24        24
 59         1         4         0        55        55
 59        28         9         0        50        50
 59        35        15         0        44        44
 59        98        44         0        15        15
 59        14         5         0        54        54
 59        50        20         0        39        39
 59         6         4         0        55        55
 59        80        35         0        24        24
 59        89        39         0        20        20
 59        16         6         0        53        53
 59        85        39         0        20        20
 59        54        20         0        39        39
 59        13         5         0        54        54
 59        21         6         0        53        53
 59        11         5         0        54        54
 59        32        15         3        41        44
 59        55        20         0        39        39
 59        70        22         0        37        37
 59        33        15         1        43        44
 59        71        25         0        34        34
 59        72        25         0        34        34
 59        60        21         0        38        38
 59        22         9         0        50        50
 59        30        15        17        27        44
 59        12         5         0        54        54
 59       150        59         0        59         0
 60      2149        59         0         1         1
 60      2132        52         0         8         8
 60       126        51         0         9         9
 60       115        49         1        10        11
 60        78        35         3        22        25
 60       110        47         0        13        13
 60       104        46         0        14        14
 61      2088        39         2        20        22
 61      2127        52         0         9         9
 61      2146        55         0         6         6
 62      2079        35         4        23        27
 62      2103        46         2        14        16
 62       137        53         0         9         9
 62        41        17         0        45        45
 62        59        21         8        33        41
 63      2092        44         3        16        19
 63       103        46         4        13        17
 63       128        52         6         5        11
 64      2128        52         5         7        12
 64      2130        52         6         6        12
 64      2119        51         0        13        13
 64       159        64         0         0         0
 64       160        64         0         0         0
 64       161        64         0         0         0
 64       152        59         0         5         5
 64        62        21        38         5        43
 64        94        44         0        20        20
 64        95        44         0        20        20
 64       100        46         0        18        18
 64       107        47         0        17        17
 64       102        46         0        18        18
 64        96        44         0        20        20
 64       157        64         0        64         0
 65       144        55         1         9        10
 65       164        65         0         0         0
 65        38        17        41         7        48
 65       147        55         0        10        10
 66      2098        46         1        19        20
 66        49        19         0        47        47
 66       101        46         5        15        20
 66       142        55         0        11        11
 68      2091        44         0        24        24
 69      2143        55         7         7        14
 69      2181        68         0         1         1
 70      2125        51         4        15        19
 70      2165        65         4         1         5
 70       163        65         0         5         5
 70       178        68         0         2         2
 71       168        65         0         6         6
 72      2188        71         0         1         1
 72       186        71         0         1         1
 73      2166        65         0         8         8
 73       122        51         0        22        22
 73       187        71         0         2         2
 74      2168        67         6         1         7
 74       120        51         0        23        23
 75      2141        55         0        20        20
 75        87        39         0        36        36
 75       113        49         0        26        26
 76      2072        25         4        47        51
 76      2076        25         5        46        51
 76       134        53         9        14        23
 76       189        71         1         4         5
 76       181        68         0         8         8
 77      2140        55         7        15        22
 78      2101        46         4        28        32
 78      2123        51         4        23        27
 78       200        77         0         1         1
 78       185        71         0         7         7
 79       206        78         0         1         1
 79       190        76         0         3         3
 80       204        78         0         2         2
 80       198        77         0         3         3
 80       197        77         0         3         3
 80       209        78         0         2         2
 80       207        78         0         2         2
 80       172        67         0        13        13
 80       175        67         0        13        13
 81       208        78         0         3         3
 82      2138        53         7        22        29
 82      2190        76         6         0         6
 82       169        67         0        15        15
 82       179        68         7         7        14
 82       188        71         9         2        11
 83      2207        78         4         1         5
 83       192        76         0         7         7
 84      2117        49         4        31        35
 84      2218        83         0         1         1
 85      2084        39         2        44        46
 85      2099        46         4        35        39
 85      2192        76         0         9         9
 85       222        83         0         2         2
 85       213        82         0         3         3
 85       220        83         0         2         2
 86      2108        47         4        35        39
 86      2157        64         7        15        22
 86       215        82         0         4         4
 86       229        85         0         1         1
 87      2161        65         7        15        22
 89      2173        67         8        14        22
 90      2235        87         0         3         3
 90       231        85         0         5         5
 91      2175        68         8        15        23
 92      2113        49         4        39        43
 92       171        67         0        25        25
 92       174        67         0        25        25
 92       176        68         0        24        24
 92       205        78         0        14        14
 92       191        76         0        16        16
 92       195        76         0        16        16
 92       184        71         0        21        21
 92       196        76         0        16        16
 92       124        51         0        41        41
 92       146        55         1        36        37
 92       151        59         0        33        33
 92       141        55         1        36        37
 92       153        59         0        33        33
 92       154        59         0        33        33
 92       194        76         0        16        16
 92       129        52         2        38        40
 92       119        49         1        42        43
 92       131        52         1        39        40
 92       149        59         0        33        33
 92       158        64         0        28        28
 92       162        65         0        27        27
 92       139        53         1        38        39
 92       143        55         0        37        37
 92       138        53         0        39        39
 92       136        53         0        39        39
 92       145        55         0        37        37
 92       135        53         0        39        39
 92       140        53         0        39        39
 92        99        46         0        46        46
 92       116        49         0        43        43
 92       173        67         0        25        25
 92       170        67         0        25        25
 92       165        65         0        27        27
 92       155        64         0        28        28
 92       183        71         0        21        21
 92       123        51         0        41        41
 92        88        39         0        53        53
 92       199        77         0        15        15
 92       210        78         0        14        14
 92       203        77         0        15        15
 92       246        92         0        92         0
 93      2114        49         4        40        44
 94      2145        55         7        32        39
 94      2124        51         4        39        43
 94      2185        71         7        16        23
 94      2164        65         5        24        29
 94       247        92         0         2         2
 94       255        93         0         1         1
 94       243        91         0         3         3
 94       258        93         0         1         1
 94       240        91         0         3         3
 94       248        92         0         2         2
 95      2129        52         5        38        43
 95      2131        52         6        37        43
 95      2187        71        12        12        24
 95        90        39         0        56        56
 96      2150        59         6        31        37
 96       244        91         0         5         5
 96       245        91         0         5         5
 98      2172        67         2        29        31
 99       279        98         0         1         1
 99       260        96         0         3         3
100       274        98         0         2         2
100       277        98         0         2         2
100       264        96         0         4         4
101      2275        98         0         3         3
101       262        96         0         5         5
102         7         4         0        98        98
102       276        98         0         4         4
102       265        96         0         6         6
102       241        91         0        11        11
103       272        97         3         3         6
103       250        92         0        11        11
103       269        97         4         2         6
104       249        92         0        12        12
105       236        87         0        18        18
106       251        92         0        14        14
106       219        83         0        23        23
106       266        96         2         8        10
106       254        93        10         3        13
106       261        96         0        10        10
106       271        97         4         5         9
107      2118        49         4        54        58
107       242        91         0        16        16
108      2229        85        19         4        23
108      2283       107         0         1         1
108       285       107         0         1         1
109      2191        76         9        24        33
109      2249        92        16         1        17
109       281       107         1         1         2
109       180        68         0        41        41
109       166        65         0        44        44
110      2159        64         7        39        46
110      2216        82        18        10        28
110       292       110         0         0         0
110       177        68        13        29        42
111      2205        78        25         8        33
111      2151        59         0        52        52
111       201        77         0        34        34
112      2095        44         4        64        68
112      2097        44         4        64        68
112      2257        93         0        19        19
112       293       110         0         2         2
112       283       107         0         5         5
112       193        76        10        26        36
113       294       110         0         3         3
113       288       110         0         3         3
113      2298       111         0         2         2
113       295       111         0         2         2
113       167        65         0        48        48
114       305       114         0         0         0
114       182        68         0        46        46
115       299       111         0         4         4
115       297       111         0         4         4
115        24         9         0       106       106
116      2195        76         7        33        40
116      2199        77         7        32        39
116      2254        93         8        15        23
116      2209        78         0        38        38
116       252        92        13        11        24
116       306       114         0         2         2
116         4         4         0       112       112
116       156        64         0        52        52
116       284       107         0         9         9
117      2225        85         8        24        32
117      2184        71        11        35        46
117       307       114         0         3         3
118      2126        52         5        61        66
118       311       117         0         1         1
119      2237        87         8        24        32
119       317       118         0         1         1
120      2094        44         4        72        76
120      2328       119         0         1         1
121      2210        82         6        33        39
121      2221        83        10        28        38
121       322       118         0         3         3
122      2213        82         6        34        40
122      2214        82         6        34        40
122       323       119         0         3         3
123       320       118         0         5         5
123       326       119         1         3         4
124       309       117         0         7         7
124       319       118         0         6         6
124       329       119         0         5         5
124       315       117         0         7         7
125      2220        83         7        35        42
125      2171        67         7        51        58
125       321       118         0         7         7
125       340       125         0         0         0
125       341       125         0         0         0
126      2244        91         8        27        35
126      2194        76         7        43        50
126       325       119         1         6         7
126       337       125         0         1         1
126       338       125         1         0         1
127      2174        67         0        60        60
128      2255        93         9        26        35
128      2156        64         0        64        64
128       336       124         1         3         4
128       355       128         0         0         0
128       345       127         0         1         1
128       330       124         0         4         4
128       263        96         0        32        32
128       278        98         0        30        30
128       256        93         0        35        35
128       296       111         0        17        17
128       239        91         0        37        37
128       259        93         0        35        35
128       268        97         0        31        31
128       300       111         0        17        17
128       257        93         0        35        35
128       267        97         0        31        31
128       275        98         0        30        30
128       270        97         0        31        31
128       291       110         0        18        18
128       289       110         0        18        18
128       304       114         0        14        14
128       303       114         0        14        14
128       217        82         0        46        46
128       273        97         0        31        31
128       280        98         1        29        30
128       214        82         0        46        46
128       218        83         0        45        45
128       223        83         0        45        45
128       224        83         0        45        45
128       301       111         2        15        17
128       227        85         1        42        43
128       212        82         0        46        46
128       226        85         1        42        43
128       237        87         2        39        41
128       238        87         1        40        41
128       211        82         0        46        46
128       221        83         0        45        45
128       308       114         0        14        14
128       235        87         0        41        41
128       228        85         0        43        43
128       234        87         0        41        41
128       216        82         0        46        46
128       225        85         0        43        43
128       108        47         0        81        81
128       230        85         0        43        43
128       232        87         0        41        41
128       233        87         0        41        41
128       202        77         0        51        51
128       105        46         0        82        82
128       253        93         0        35        35
128        29        15        18        95       113
128        25         9         0       119       119
128        86        39         3        86        89
128         8         5         0       123       123
128       287       107         0        21        21
128       286       107         0        21        21
128       282       107         1        20        21
128       290       110         0        18        18
128       351       128         0       128         0
129      2247        92        37         0        37
130      2183        71         7        52        59
130      2362       129         0         1         1
131       349       127         0         4         4
132      2163        65         7        60        67
132       346       127         0         5         5
133      2152        59         6        68        74
133      2211        82         6        45        51
133      2201        77         0        56        56
133       354       128         2         3         5
133       366       132         0         1         1
134      2269        97        14        23        37
134       353       128         0         6         6
135       385       135         0         0         0
135       344       127         0         8         8
136       352       128         0         8         8
136       363       129         0         7         7
137       379       135         0         2         2
137       373       134         0         3         3
137       377       134         0         3         3
137       376       134         0         3         3
137       372       134         0         3         3
137       381       135         0         2         2
137       362       129         0         8         8
138      2116        49         0        89        89
139       389       137         0         2         2
139       392       137         0         2         2
139       368       132         0         7         7
140       375       134         0         6         6
140       397       139         0         1         1
141      2197        77         7        57        64
141      2308       117        10        14        24
141      2309       117        11        13        24
141      2322       119        15         7        22
141       382       135         0         6         6
141       393       139         0         2         2
141       388       137         0         4         4
141       396       139         0         2         2
142       399       139         2         1         3
142       383       135         2         5         7
143       403       141         1         1         2
144      2317       118        11        15        26
144      2320       118        12        14        26
144      2177        68         2        74        76
145      2245        92        15        38        53
145      2424       145         0         0         0
145      2155        64         0        81        81
145       419       144         0         1         1
146      2144        55        10        81        91
146      2422       145         0         1         1
146      2250        92         0        54        54
147       426       145         0         2         2
147      2295       111         9        27        36
148      2300       111         9        28        37
148      2212        82        12        54        66
149      2263        96        14        39        53
149      2438       148         0         1         1
149       432       147         0         2         2
149       430       147         0         2         2
150       436       148         0         2         2
150      2153        59         7        84        91
150      2273        98        14        38        52
150       433       147         0         3         3
151      2278        98        15        38        53
151      2314       117         0        34        34
151      2253        93         0        58        58
151      2305       114         0        37        37
151       435       148         0         3         3
152      2279        98        15        39        54
152      2319       118         0        34        34
152       418       144         0         8         8
153      2086        39         6       108       114
153       442       152         0         1         1
153       438       148         0         5         5
155      2193        76         6        73        79
155      2222        83         7        65        72
155      2154        64         3        88        91
155      2261        96        23        36        59
155      2448       154         0         1         1
156      2223        83         7        66        73
156      2238        91         7        58        65
156       458       156         0         0         0
158      2348       127        13        18        31
158      2355       128        13        17        30
158       466       158         0         0         0
158       357       128         1        29        30
158       369       132         0        26        26
158       391       137         0        21        21
158       411       142         0        16        16
158       394       139         0        19        19
158       334       124         2        32        34
158       434       147         0        11        11
158       408       142         0        16        16
158       359       129         1        28        29
158       365       132         0        26        26
158       360       129         1        28        29
158       414       144         0        14        14
158       348       127         0        31        31
158       370       132         0        26        26
158       374       134         0        24        24
158       367       132         0        26        26
158       395       139         0        19        19
158       412       142         0        16        16
158       328       119         1        38        39
158       310       117         0        41        41
158       342       125         0        33        33
158       404       141         1        16        17
158       398       139         0        19        19
158       356       128         1        29        30
158       384       135         1        22        23
158       312       117         0        41        41
158       314       117         0        41        41
158       318       118         0        40        40
158       332       124         0        34        34
158       316       118         0        40        40
158       302       114         0        44        44
158       324       119         0        39        39
158       313       117         0        41        41
158       327       119         0        39        39
158       298       111         0        47        47
158       343       125         0        33        33
158       358       129         0        29        29
158       364       129         0        29        29
158       386       137         0        21        21
158       390       137         0        21        21
158       387       137         0        21        21
158       380       135         0        23        23
158       400       141         0        17        17
158       463       158         0       158         0
159       453       154         0         5         5
159       452       154         0         5         5
159       455       154         0         5         5
160      2226        85         8        67        75
160       445       152         0         8         8
160       468       158         0         2         2
160       439       148         0        12        12
160       449       154         0         6         6
161       447       152         0         9         9
161       416       144         0        17        17
161       428       147         1        13        14
161       431       147         0        14        14
162       421       145         0        17        17
162       444       152         0        10        10
162       425       145         0        17        17
163       401       141         0        22        22
163       410       142         0        21        21
163       407       142         0        21        21
163       413       142         0        21        21
164      2158        64         7        93       100
164      2234        87         7        70        77
164      2343       127         0        37        37
164       441       148         0        16        16
164       422       145         0        19        19
165      2148        59         6       100       106
165       415       144        18         3        21
166      2133        53         6       107       113
166       473       164         0         2         2
167       480       166         0         1         1
169      2333       124        12        33        45
169      2456       156        12         1        13
169       485       168         0         1         1
169       481       166         0         3         3
170       471       164         0         6         6
170       464       158         0        12        12
170       429       147         0        23        23
170       437       148         1        21        22
170       446       152         0        18        18
170       440       148         1        21        22
170       427       145         0        25        25
170       448       152         0        18        18
170       459       156         0        14        14
170       457       156         0        14        14
170       450       154         0        16        16
170       456       156         0        14        14
170       469       158         0        12        12
170       451       154         0        16        16
170       443       152         0        18        18
170       492       170         0       170         0
171      2302       114        10        47        57
171       472       164         0         7         7
172      2200        77        11        84        95
172       483       166         0         6         6
172       497       170         0         2         2
173      2170        67         8        98       106
173       467       158         0        15        15
173       423       145         0        28        28
174       347       127         0        47        47
175      2496       170         0         5         5
175       350       127         0        48        48
175       371       132         0        43        43
176      2241        91         0        85        85
176       333       124         0        52        52
176       484       168         1         7         8
177      2311       117        11        49        60
177      2256        93         9        75        84
177       496       170         0         7         7
178      2359       129        14        35        49
178      2413       144        16        18        34
178       502       177         0         1         1
178       465       158         8        12        20
179      2316       118        11        50        61
179       500       177         0         2         2
179       499       177         0         2         2
179       477       166         0        13        13
180      2204        78         7        95       102
180       505       179         0         1         1
180       506       179         0         1         1
180       405       141         0        39        39
180       462       156         0        24        24
181       510       179         0         2         2
181       507       179         0         2         2
181       504       177         0         4         4
181       460       156         5        20        25
181       402       141         0        40        40
181       461       156         6        19        25
181       409       142         0        39        39
182       508       179         0         3         3

Battle result: Loss
The battle ended at Timestep: 183
For Earth Army:
Total Number of Each Units:
Earth Soldiers: 217
Earth Gunneries: 114
Earth Tanks: 173
Heal Units: 7

Percentage of destructed units relative to their count:
Earth Soldiers: 94.9309%
Earth Gunneries: 100%
Earth Tanks: 88.4393%
Heal Units: 100%


For Alien Army:
Total Number of Each Units:
Alien Soldiers: 204
Alien Monsters: 163
Alien Drones: 144

Percentage of destructed units relative to their count:
Alien Soldiers: 56.3725%
Alien Monsters: 32.5153%
Alien Drones: 52.7778%

For Ally Army:
Total Number of Each Units:
Saver Units: 2
Percentage of destructed units relative to their count:
Saver Units: 50%
Percentage of infected soldier: 82.9493%

Total Percentage of destructed units for the 3 armies: 70.8008%
Average of First Attack Delay (Df): 1.87586
Average of Destruction Delay (Dd): 21.6869
Average of Battle Time (Db): 22.6317

Df/Db: 8.28864%
Dd/Db: 95.8252%
