 Td        ID        Tj        Df        Dd        Db
  5      2000         4         0         1         1
  6      2003         4         0         2         2
  6         8         5         0         1         1
  7         6         4         1         2         3
  8      2006         4         1         3         4
  8        11         5         0         3         3
 11      2001         4         0         7         7
 11      2002         4         1         6         7
 11      2012         5         2         4         6
 11      2005         4         0         7         7
 12      2004         4         0         8         8
 12      2011         5         0         7         7
 13      2016        11         0         2         2
 13      2007         5         1         7         8
 13      2013         5         0         8         8
 14      2018        11         0         3         3
 14      2019        11         0         3         3
 15      2014        11         3         1         4
 15      2010         5         3         7        10
 16      2008         5         2         9        11
 17      2023        17         0         0         0
 17        13         5         1        11        12
 19      2027        17         1         1         2
 19      2009         5         3        11        14
 19        15        11         0         8         8
 20      2024        17         0         3         3
 20      2032        19         0         1         1
 21      2029        19         0         2         2
 21      2021        17         0         4         4
 21      2020        11         0        10        10
 21      2017        11         3         7        10
 21        33        19         0         2         2
 22        29        19         0         3         3
 23        23        17         2         4         6
 24        27        17         1         6         7
 24        40        24         0         0         0
 24        42        24         0         0         0
 25        41        24         0         1         1
 26        36        24         0         2         2
 27      2015        11         0        16        16
 27      2036        24         0         3         3
 29      2037        24         0         5         5
 30      2050        28         0         2         2
 30      2028        19         2         9        11
 31      2058        30         0         1         1
 31        52        28         0         3         3
 32      2035        24         1         7         8
 32      2034        19         0        13        13
 32        57        30         0         2         2
 33      2031        19         6         8        14
 33      2033        19         6         8        14
 33        45        26         0         7         7
 34        37        24         0        10        10
 34      2062        30         3         1         4
 34        69        33         0         1         1
 36      2060        30         5         1         6
 37      2026        17         1        19        20
 37      2022        17         0        20        20
 37        44        26         0        11        11
 38      2025        17         0        21        21
 38      2047        26         2        10        12
 38      2070        36         2         0         2
 38      2048        26         5         7        12
 38      2039        24         7         7        14
 38        59        30         0         8         8
 39      2071        36         0         3         3
 39      2075        36         0         3         3
 39        24        17         0        22        22
 40      2057        30         1         9        10
 41      2043        26         4        11        15
 41      2046        26         4        11        15
 41         7         4         2        35        37
 41         5         4         0        37        37
 41        17        11         0        30        30
 41        12         5         2        34        36
 41        34        19         0        22        22
 41         4         4         0        37        37
 41        25        17         1        23        24
 41         1         4         1        36        37
 41        26        17         1        23        24
 41        32        19         0        22        22
 41        16        11         0        30        30
 41        22        17         0        24        24
 41         3         4         0        37        37
 41         2         4         0        37        37
 41        19        11         2        28        30
 41        14         5         0        36        36
 41        10         5         0        36        36
 41         9         5         0        36        36
 41        18        11         0        30        30
 41        21        11         0        30        30
 41        20        11         0        30        30
 41        28        17         0        24        24
 41        35        19         0        22        22
 41        30        19         2        20        22
 41        31        19         1        21        22
 41        61        30         0        11        11
 41        60        30         0        11        11
 41        88        41         0        41         0
 42      2055        28         3        11        14
 42      2090        41         0         1         1
 42      2059        30         0        12        12
 42      2086        41         0         1         1
 42        47        26         2        14        16
 45      2053        28         7        10        17
 46      2077        40         3         3         6
 47      2089        41         1         5         6
 47      2041        24         0        23        23
 48        62        30         1        17        18
 48      2067        33         0        15        15
 48      2072        36         6         6        12
 48        79        40         2         6         8
 48       124        48         0         0         0
 49      2042        26         9        14        23
 50      2116        47         0         3         3
 50      2051        28         4        18        22
 50       104        44         0         6         6
 51      2100        44         5         2         7
 51      2044        26        10        15        25
 51      2094        43         0         8         8
 52      2097        43         0         9         9
 52      2127        49         0         3         3
 52      2082        40         0        12        12
 52      2049        28         9        15        24
 52       122        48         0         4         4
 53      2052        28         0        25        25
 53      2091        43         3         7        10
 53       110        45         3         5         8
 54      2133        51         2         1         3
 54      2080        40         1        13        14
 54       108        45         0         9         9
 56      2124        48         1         7         8
 56      2083        40         0        16        16
 56        85        41         3        12        15
 57        91        41         3        13        16
 57      2107        45         0        12        12
 57      2160        56         0         1         1
 57       126        48         4         5         9
 58      2117        47         1        10        11
 58       132        49         5         4         9
 59      2125        48         3         8        11
 59        98        43         6        10        16
 60      2045        26         0        34        34
 61      2066        33         7        21        28
 61      2056        30         4        27        31
 61      2134        51         0        10        10
 61      2165        59         0         2         2
 61       139        51         5         5        10
 62      2101        44         5        13        18
 62      2135        51         7         4        11
 62      2068        33         7        22        29
 62      2040        24         0        38        38
 62      2113        47        14         1        15
 63      2111        45         0        18        18
 63      2161        59         0         4         4
 63      2115        47         0        16        16
 64      2166        59         1         4         5
 64      2061        30         2        32        34
 64        92        43         2        19        21
 64        83        40         3        21        24
 65      2106        45         3        17        20
 65       174        63         0         2         2
 66      2146        53         1        12        13
 66       120        48         4        14        18
 66       170        63         0         3         3
 67      2074        36         5        26        31
 67      2149        55         0        12        12
 67      2131        49         7        11        18
 67        70        33         3        31        34
 69      2130        49         0        20        20
 71      2098        44         4        23        27
 71      2122        48         0        23        23
 71       190        69         0         2         2
 71       183        68         0         3         3
 72      2095        43         9        20        29
 73      2195        69         0         4         4
 73       189        68         0         5         5
 74       163        59         5        10        15
 74      2132        49         2        23        25
 74      2103        44         8        22        30
 74       130        49         5        20        25
 74       118        47         3        24        27
 74       155        56         4        14        18
 76       173        63         4         9        13
 76        67        33         1        42        43
 77        96        43         2        32        34
 78       138        51         5        22        27
 79      2169        63         4        12        16
 79      2065        33         6        40        46
 79       179        67         4         8        12
 80      2218        79         0         1         1
 80       223        79         0         1         1
 80       218        79         1         0         1
 81      2063        33         7        41        48
 81      2119        48        11        22        33
 81      2204        76         3         2         5
 81       188        68         5         8        13
 82      2210        78         0         4         4
 82      2187        68         0        14        14
 82       158        56         4        22        26
 82       135        51         5        26        31
 84      2126        49        13        22        35
 84      2188        68         2        14        16
 84      2172        63         6        15        21
 84      2110        45         0        39        39
 85       245        85         0         0         0
 85       212        78         0         7         7
 85       192        69         0        16        16
 86       123        48         0        38        38
 87      2178        67         0        20        20
 87       205        76         3         8        11
 87       156        56         0        31        31
 88      2179        67         3        18        21
 88       147        53         4        31        35
 88       148        55         0        33        33
 89      2079        40         3        46        49
 89      2085        41         5        43        48
 90      2081        40         3        47        50
 91      2102        44        10        37        47
 91      2154        56        24        11        35
 91      2168        63         4        24        28
 91      2235        82         4         5         9
 92      2223        79         1        12        13
 92      2254        89         0         3         3
 92       226        81         3         8        11
 93      2030        19         2        72        74
 93      2112        47        13        33        46
 93       252        86         0         7         7
 93       115        47         1        45        46
 94      2109        45        14        35        49
 95      2186        68         0        27        27
 95       267        93         0         2         2
 96      2258        89         0         7         7
 97      2246        86         7         4        11
 97      2230        81        11         5        16
 98      2222        79         7        12        19
 98       194        69         0        29        29
 99       247        86         8         5        13
 99       196        69         0        30        30
 99        86        41         0        58        58
100      2054        28         3        69        72
100      2092        43         9        48        57
100      2038        24         5        71        76
101      2140        53        22        26        48
101      2236        82        16         3        19
101       261        92         4         5         9
102      2123        48         0        54        54
102       254        89         8         5        13
102       298       100         0         2         2
102       199        75         0        27        27
102       242        85         0        17        17
103      2190        69        33         1        34
103      2121        48        19        36        55
103       200        75        28         0        28
104      2213        78         1        25        26
104       251        86         4        14        18
104       228        81         0        23        23
105      2099        44        10        51        61
105      2167        59        11        35        46
105       204        76         7        22        29
105       165        59         5        41        46
106      2194        69         7        30        37
106       270        93         9         4        13
107      2184        68         1        38        39
107      2294       100         7         0         7
107       291        98         4         5         9
107       186        68         5        34        39
107       292        98         0         9         9
107        71        36         1        70        71
107       128        49         9        49        58
107       117        47         3        57        60
107       171        63         9        35        44
107       209        76         3        28        31
107       221        79         4        24        28
107       222        79         4        24        28
107        93        43         2        62        64
107       103        44         3        60        63
107       106        45         3        59        62
107        80        40         2        65        67
107       184        68         5        34        39
107       238        82         3        22        25
107       137        51         5        51        56
107       136        51         5        51        56
107       187        68         5        34        39
107        99        44         3        60        63
107        55        28         2        77        79
107        82        40         6        61        67
107       141        53         4        50        54
107       207        76         3        28        31
107       177        67         4        36        40
107        65        33         1        73        74
107        89        41         3        63        66
107        51        28         0        79        79
107       127        49         4        54        58
107       119        47         3        57        60
107       100        44         3        60        63
107       185        68         5        34        39
107        54        28         0        79        79
107        49        26         1        80        81
107       125        48         4        55        59
107       133        49         5        53        58
107       202        75         3        29        32
107        39        24         1        82        83
107        81        40         2        65        67
107        64        33         1        73        74
107       102        44         3        60        63
107        75        36         2        69        71
107        58        30         1        76        77
107       109        45         3        59        62
107       144        53         4        50        54
107        46        26         0        81        81
107        77        36         2        69        71
107        63        30         1        76        77
107        72        36         7        64        71
107        56        28         1        78        79
107       129        49         5        53        58
107        38        24         2        81        83
107        53        28         0        79        79
107        68        33         0        74        74
107        48        26         0        81        81
107        50        28         0        79        79
107       168        59         0        48        48
107       210        76         0        31        31
107       220        79         0        28        28
107       249        86         0        21        21
107       287        95         0        12        12
107       315       107         0       107         0
108       213        78         4        26        30
108       320       108         0         0         0
110      2209        76         2        32        34
110       253        89         3        18        21
111      2231        82         0        29        29
111       309       107         0         4         4
111       313       107         0         4         4
112        97        43         0        69        69
113      2189        69         3        41        44
113       329       112         0         1         1
113       234        82         0        31        31
113       143        53         0        60        60
114       285        95         5        14        19
114       262        92         4        18        22
114       227        81         3        30        33
114       324       112         0         2         2
114       305       106         0         8         8
116      2280        95         0        21        21
116       340       115         0         1         1
117      2250        86         1        30        31
117      2288        98         6        13        19
117       299       100         4        13        17
118      2206        76        23        19        42
118      2104        44         0        74        74
118      2348       117         0         1         1
119      2325       112         1         6         7
120      2129        49        17        54        71
120      2356       119         0         1         1
120       356       119         0         1         1
120       331       114         0         6         6
121       281        95         4        22        26
121       276        94         4        23        27
122      2261        92         9        21        30
122      2318       108         6         8        14
122       286        95         5        22        27
123      2239        85         1        37        38
124      2202        75         0        49        49
124      2229        81         0        43        43
124       367       122         0         2         2
126      2240        85         6        35        41
126       369       122         0         4         4
127       336       114         4         9        13
128      2201        75        13        40        53
128       341       115         0        13        13
128       348       117         0        11        11
129      2078        40         3        86        89
131      2290        98         4        29        33
131      2153        55         0        76        76
132      2342       115         4        13        17
133      2185        68         0        65        65
133      2245        86        46         1        47
134      2369       122         3         9        12
134      2156        56        31        47        78
134      2155        56        30        48        78
134      2158        56        32        46        78
134       327       112         4        18        22
134       388       132         0         2         2
135      2324       112         7        16        23
135      2363       121         0        14        14
135      2388       132         0         3         3
136      2216        78         1        57        58
136       366       122         5         9        14
136       160        56        11        69        80
137      2215        78        27        32        59
137      2248        86        25        26        51
137      2257        89         0        48        48
137      2159        56         2        79        81
137       398       135         0         2         2
137       273        93         0        44        44
138      2287        98        10        30        40
139      2274        94        18        27        45
139      2267        93         0        46        46
139      2295       100         0        39        39
139       376       130         0         9         9
140      2237        82        12        46        58
140      2349       117        10        13        23
140      2242        85        12        43        55
141      2069        33         7       101       108
141       383       131         4         6        10
141       405       141         0         0         0
141       380       131         0        10        10
142      2234        82         8        52        60
142      2352       119        22         1        23
142       378       130         0        12        12
142       379       131         0        11        11
143      2346       117         0        26        26
144       403       141         0         3         3
145       145        53         0        92        92
145       152        55        14        76        90
145       365       122         1        22        23
146      2307       106        10        30        40
146       279        94         5        47        52
147       301       100         5        42        47
147       332       114         3        30        33
147       374       130        14         3        17
147       328       112         0        35        35
148       407       142         0         6         6
148       420       146         0         2         2
148       415       146         0         2         2
149      2385       132         0        17        17
150      2392       135         7         8        15
150       419       146         0         4         4
150       219        79         0        71        71
151      2180        67        18        66        84
151      2320       108        19        24        43
151      2386       132         8        11        19
151       381       131         4        16        20
151       424       150         0         1         1
151       297       100         0        51        51
152      2088        41         9       102       111
152      2292        98        26        28        54
152      2333       114         3        35        38
152      2416       146         3         3         6
153      2361       121        16        16        32
153      2405       141         2        10        12
153       387       132        10        11        21
153       159        56         0        97        97
154       393       135         4        15        19
154       395       135         4        15        19
154        74        36         0       118       118
154       182        67        21        66        87
155       401       141         4        10        14
155       402       141         4        10        14
155       404       141         4        10        14
155       406       141         4        10        14
155       303       106         0        49        49
156      2181        67         0        89        89
157      2220        79         1        77        78
157      2431       156         0         1         1
157       149        55        13        89       102
158       306       106         4        48        52
158      2397       135         6        17        23
158      2362       121         2        35        37
158      2193        69        35        54        89
158      2182        68         0        90        90
158        73        36         0       122       122
159      2253        89        14        56        70
159      2395       135        22         2        24
159      2183        68         1        90        91
160       400       141         4        15        19
162       454       161         0         1         1
163      2396       135         2        26        28
163       452       161         0         2         2
163       442       160         0         3         3
164      2105        45        14       105       119
164      2375       130         9        25        34
164       417       146         5        13        18
165      2226        81        12        72        84
165      2271        93         3        69        72
165      2461       164         0         1         1
165       436       159         0         6         6
166      2306       106         0        60        60
166       449       161         0         5         5
168       414       146        14         8        22
170      2377       130         8        32        40
170      2196        75        31        64        95
170       431       156         2        12        14
170       430       156         0        14        14
171      2426       150         1        20        21
171      2244        85        45        41        86
171       445       160         3         8        11
171       432       156         1        14        15
171       345       117         0        54        54
172      2374       130        16        26        42
172      2326       112         6        54        60
172       459       164         4         4         8
172       427       150        18         4        22
172       428       156         4        12        16
173      2207        76         1        96        97
173       410       142         4        27        31
174       438       159         3        12        15
175      2198        75        33        67       100
176      2118        47        15       114       129
176      2391       132         7        37        44
176      2139        51         0       125       125
176       460       164         4         8        12
177      2373       130         5        42        47
178       390       132         5        41        46
178       477       173         0         5         5
178       475       172         0         6         6
179       474       172         3         4         7
179       476       172         3         4         7
179       456       164         4        11        15
180      2137        51        17       112       129
180      2480       173         0         7         7
180       470       172         7         1         8
181      2076        36         5       140       145
181      2335       114         9        58        67
181       458       164         4        13        17
181       465       171         0        10        10
182       482       173         4         5         9
182       453       161         8        13        21
182       373       130        19        33        52
182       468       171         0        11        11
183      2411       142        27        14        41
183       443       160         3        20        23
183       450       161         0        22        22
184       479       173         3         8        11
184      2143        53        24       107       131
184       483       173         4         7        11
184       347       117         4        63        67
186      2162        59        21       106       127
187      2315       108        28        51        79
187      2432       156        13        18        31
187      2108        45        14       128       142
187      2064        33         7       147       154
187      2331       114        26        47        73
187       448       160         3        24        27
188      2334       114        27        47        74
191      2136        51        17       123       140
191      2138        51        19       121       140
191      2299       100        28        63        91
191       500       189         0         2         2
191       501       189         0         2         2
191       505       190         0         1         1
192      2382       131        28        33        61
192      2447       160        24         8        32
192      4007       190         0         2         2
192       516       191         0         1         1
192       469       171         3        18        21
192       463       171         0        21        21
193      2212        78        12       103       115
193      2157        56        24       113       137
193       506       190         0         3         3
193       244        85        50        58       108
193       462       164         0        29        29
194      2398       135        28        31        59
194       488       187         0         7         7
194       358       121         0        73        73
194       264        92         0       102       102
195       257        89        21        85       106
196       175        63         0       133       133
196       323       112        20        64        84
197      2283        95        23        79       102
197      2128        49        17       131       148
197       507       190         0         7         7
197       437       159         0        38        38
198      2084        41         9       148       157
199      2471       172         0        27        27
199      2214        78        13       108       121
199      4011       199         0         0         0
199       321       108         4        87        91
199       322       108         4        87        91
199       302       106         4        89        93
199       451       161         3        35        38
199       394       135         4        60        64
199       312       107         4        88        92
199       363       121         5        73        78
199       409       142         4        53        57
199       250        86         4       109       113
199       275        94         4       101       105
199       361       121         5        73        78
199       371       122         5        72        77
199       455       161         4        34        38
199       382       131         4        64        68
199       467       171         3        25        28
199       478       173         3        23        26
199       289        98         4        97       101
199       350       117         4        78        82
199       235        82         3       114       117
199       325       112         7        80        87
199       385       131         5        63        68
199       316       108         8        83        91
199       364       121         5        73        78
199       399       135         5        59        64
199       360       121         5        73        78
199       342       115         4        80        84
199       337       115         4        80        84
199       211        78         7       114       121
199       343       115         4        80        84
199       384       131        10        58        68
199       408       142         4        53        57
199       461       164         4        31        35
199       272        93         4       102       106
199       243        85         4       110       114
199       284        95        10        94       104
199       310       107         4        88        92
199       293        98         4        97       101
199       335       114         8        77        85
199       397       135         5        59        64
199       353       119         4        76        80
199       446       160         3        36        39
199       412       142         4        53        57
199       413       142         4        53        57
199       214        78         4       117       121
199       236        82         3       114       117
199       317       108         4        87        91
199       283        95         4       100       104
199       411       142         4        53        57
199       421       150         4        45        49
199       300       100         9        90        99
199       346       117         9        73        82
199       259        89         4       106       110
199       241        85         8       106       114
199       334       114         3        82        85
199       396       135         9        55        64
199       215        78         4       117       121
199       181        67         5       127       132
199       260        92         9        98       107
199       240        85         3       111       114
199       473       172         3        24        27
199       466       171         3        25        28
199       225        81         3       115       118
199       180        67         9       123       132
199       372       130         4        65        69
199       416       146         5        48        53
199       440       159         3        37        40
199       150        55         4       140       144
199       294        98         0       101       101
199       296       100         0        99        99
199       288        98         1       100       101
199       308       106         0        93        93
199       295       100         1        98        99
199       311       107         0        92        92
199       319       108         0        91        91
199       326       112         0        87        87
199       357       119         0        80        80
199       352       119         2        78        80
199       370       122         0        77        77
199       377       130         0        69        69
199       386       132         2        65        67
199       392       132         0        67        67
199       389       132         0        67        67
199       375       130        12        57        69
199       425       150         0        49        49
199       423       150         2        47        49
199       418       146         0        53        53
199       433       156         0        43        43
199       457       164         0        35        35
199       444       160         0        39        39
199       441       159         0        40        40
199       439       159         0        40        40
199       447       160         0        39        39
199       426       150         0        49        49
199       472       172         0        27        27
199       481       173         0        26        26
199       434       156         0        43        43
199       422       150         3        46        49
199       471       172         7        20        27
199       362       121         0        78        78
199       355       119         2        78        80
199       494       188         0        11        11
199       490       187         0        12        12
199       519       199         0       199         0
200      2221        79         5       116       121
200      2227        81        41        78       119
200      2519       199         0         1         1
200      2367       122        77         1        78
200       486       187         0        13        13
201       484       187         0        14        14
201       485       187         0        14        14
201       498       189         8         4        12
202      2427       156         7        39        46
202      2232        82        45        75       120
202       359       121         0        81        81
203      2481       173        16        14        30
203      2228        81         0       122       122
203      2233        82         0       121       121
204      2360       121        28        55        83
204      2376       130         0        74        74
204      2413       146         0        58        58
204      2151        55        27       122       149
205      2475       172         3        30        33
205      2309       107         4        94        98
205      2368       122         0        83        83
205      2241        85        46        74       120
206      2379       131         0        75        75
206      2203        76        12       118       130
207      2533       206         0         1         1
207      2381       131        25        51        76
207       508       190         5        12        17
207       338       115        88         4        92
207       537       206         0         1         1
208      2321       108        29        71       100
209      2336       115        26        68        94
209      2251        86         0       123       123
209      2341       115        26        68        94
210       526       201         4         5         9
210      2394       135        17        58        75
210      2224        81        38        91       129
210      2512       191         7        12        19
211      2247        86        47        78       125
211      2513       191         7        13        20
211      2517       191         7        13        20
211       527       201         0        10        10
212      2530       201         0        11        11
212      2457       164        22        26        48
212      4023       212         0         0         0
214      2225        81        12       121       133
214      2490       188         7        19        26
214      2420       150        13        51        64
214      2412       142        13        59        72
214      2264        92        47        75       122
215      2332       114         6        95       101
215      2163        59        32       124       156
215      2580       214         0         1         1
216      2553       210         4         2         6
216      2557       210         4         2         6
217      2400       141         5        71        76
217      2409       142        14        61        75
217      4026       214         0         3         3
218       524       199         4        15        19
219      2507       190        16        13        29
219      2343       117        19        83       102
219      2164        59        33       127       160
220      2510       190        15        15        30
220       510       190         5        25        30
220       548       209         0        11        11
221       540       208         2        11        13
221       572       213         5         3         8
222      2548       209         5         8        13
222      2473       172         7        43        50
222      2482       173        31        18        49
222       489       187         0        35        35
222       512       191         5        26        31
222       499       189         5        28        33
222       515       191         0        31        31
222       493       188         0        34        34
222       339       115         0       107       107
222       344       117         0       105       105
222       517       191         0        31        31
222       349       117         0       105       105
222       585       222         0       222         0
223      2273        94        50        79       129
223       576       214         0         9         9
223       581       214         0         9         9
223       575       214         0         9         9
223       520       199         0        24        24
223       542       208         0        15        15
224      2301       106         3       115       118
225      2453       161         0        64        64
225       532       201         4        20        24
226      2578       214         4         8        12
226      2419       146         0        80        80
227      2503       189        27        11        38
227      2418       146         0        81        81
228      2566       212         3        13        16
228      2604       228         0         0         0
228      2605       228         0         0         0
229      2423       150         2        77        79
229       562       212         1        16        17
230      2444       160         6        64        70
230      2456       164        13        53        66
230      2279        94         0       136       136
231       487       187         0        44        44
231      2589       224         6         1         7
231      2281        95         0       136       136
232      2087        41         0       191       191
232      2613       230         0         2         2
232       549       209        12        11        23
233       615       230         0         3         3
234      2442       160        58        16        74
236      2628       235         0         1         1
237      2286        95         6       136       142
237      2630       237         0         0         0
238      2526       201        14        23        37
238      2275        94         0       144       144
239      2305       106         1       132       133
239      2316       108        20       111       131
240      2523       199        15        26        41
240      2622       234         3         3         6
240       628       235         0         5         5
241       570       213        12        16        28
241      2177        67        33       141       174
242      2597       226         2        14        16
242      2389       132         2       108       110
242      2399       141         3        98       101
242      2424       150         0        92        92
242       642       238         0         4         4
244      2260        92         1       151       152
244      2529       201         2        41        43
244      2303       106        16       122       138
244      2664       244         0         0         0
245      2662       244         0         1         1
245       653       243         0         2         2
246      2520       199         5        42        47
246      2433       156         0        90        90
247      2509       190        28        29        57
247      4050       244         0         3         3
248      2536       206        39         3        42
248      2601       226        16         6        22
248      2493       188         8        52        60
250      2684       249         0         1         1
251       504       189         5        57        62
251      2623       235         7         9        16
252      2599       226         9        17        26
252      2692       251         0         1         1
252       492       188         1        63        64
252       679       247         0         5         5
253      2527       201         9        43        52
253      2096        43         0       210       210
254      2407       142         6       106       112
254      2465       171         2        81        83
254       685       249         0         5         5
255      2522       199        26        30        56
255      2705       255         0         0         0
256      2704       255         0         1         1
258      2093        43         6       209       215
258      2073        36         7       215       222
258      2449       161        96         1        97
259      2451       161         0        98        98
260      2511       191        34        35        69
260      2508       190        22        48        70
261      2452       161         0       100       100
261      4066       259         0         2         2
262      2631       237         3        22        25
262      2691       251         8         3        11
262      2312       107        62        93       155
262      4068       260         0         2         2
262       735       262         0         0         0
263      2570       213         5        45        50
263      2736       263         0         0         0
264       741       263         0         1         1
266      2721       260         1         5         6
268       732       262         3         3         6
268       749       267         0         1         1
269       763       269         0         0         0
270      2314       107         0       163       163
270       619       234         0        36        36
270       636       237         0        33        33
271      2663       244         4        23        27
272      2410       142        11       119       130
273       760       269         0         4         4
273       731       262         3         8        11
273       743       267         0         6         6
275      2647       241         0        34        34
275       694       254         0        21        21
277      2759       269         0         8         8
277       724       260         0        17        17
277       705       255         1        21        22
278      2724       260         0        18        18
280       708       257         0        23        23
280       647       241         0        39        39
280       608       228         0        52        52
281      2495       188        39        54        93
281       696       254         0        27        27
282       771       281         0         1         1
283       603       228         0        55        55
284       764       280         0         4         4
286      2340       115         0       171       171
286      2783       284         0         2         2
286       745       267         5        14        19
288       551       209        12        67        79
288       784       284         0         4         4
288       738       263         0        25        25
289      2672       247         4        38        42
289       701       255         0        34        34
290      2797       290         0         0         0
291      2668       246        13        32        45
291      2804       291         0         0         0
291       654       243         0        48        48
291       509       190         5        96       101
291       522       199         3        89        92
291       533       206         7        78        85
291       511       190         5        96       101
291       518       191         5        95       100
291       578       214         0        77        77
291       594       224         0        67        67
291       602       226         0        65        65
291       643       238         0        53        53
291       639       238         0        53        53
291       656       243         0        48        48
291       688       251         0        40        40
291       689       251         0        40        40
291       725       260         0        31        31
291       740       263         0        28        28
291       733       262         0        29        29
291       730       262         3        26        29
291       718       259         0        32        32
291       717       259         0        32        32
291       716       259         0        32        32
291       805       291         0       291         0
292       768       280         0        12        12
293      2764       280         7         6        13
293      2810       292         0         1         1
293      4089       290         0         3         3
293       786       289         0         4         4
294      2217        79        38       177       215
295      2678       247         6        42        48
295       792       290         0         5         5
296      2460       164         3       129       132
297      2532       206         1        90        91
297      2619       234        22        41        63
297      2728       262         8        27        35
298       831       298         0       298         0
299       827       298         0       299         1
301      2563       212        22        67        89
301      2598       226        10        65        75
301      2354       119        75       107       182
304      2638       238        18        48        66
304      2844       304         0         0         0
305      2614       230        19        56        75
305       848       305         0       305         0
306      2572       213         6        87        93
306      2682       249         8        49        57
307      2366       122        77       108       185
308      2621       234         3        71        74
308      2802       291         4        13        17
308      2524       199         0       109       109
308       854       305         0         3         3
309      2531       201        44        64       108
309      2472       172        51        86       137
310      2789       289        14         7        21
310      2603       228         1        81        82
310      2641       238        11        61        72
311      2719       259         0        52        52
312      2665       246         0        66        66
312      2311       107        14       191       205
312      4110       310         0         2         2
312      4113       312         0         0         0
313      2152        55        28       230       258
315      2689       251        11        53        64
316       895       314         0         2         2
318      2448       161         4       153       157
319      2733       262         6        51        57
320      2538       206         0       114       114
321      2776       281        12        28        40
321      2683       249        16        56        72
321       816       295         1        25        26
322      2751       268         1        53        54
322      2492       188        17       117       134
322      2579       214         1       107       108
323      2884       313         9         1        10
324      2915       321         0         3         3
325      2384       131        24       170       194
325       888       313         0        12        12
326       866       309         0        17        17
327      2706       255        19        53        72
327      2256        89        47       191       238
328       669       246        31        51        82
328       930       328         0         0         0
329      2726       260         7        62        69
329       901       315         0        14        14
331      2798       291        11        29        40
331      2567       213       117         1       118
331       797       290         0        41        41
331       847       304         0        27        27
332      2770       281         9        42        51
332      2559       210         2       120       122
332       820       297         3        32        35
332       910       319         0        13        13
333      2479       173         4       156       160
333      2562       212         2       119       121
333      2754       268         7        58        65
333      2573       213         0       120       120
334      2852       305        20         9        29
334       684       249        33        52        85
335      2266        93        47       195       242
336       859       307         0        29        29
337      2907       319         5        13        18
337      2745       267         5        65        70
337       867       309         0        28        28
338      2791       290         6        42        48
338       707       255        33        50        83
339      2712       257         3        79        82
339      2714       259        20        60        80
339      2940       338         0         1         1
340       711       257        32        51        83
340       863       309        30         1        31
341      2402       141        79       121       200
341       853       305         0        36        36
342      2583       222        16       104       120
342      2901       315         0        27        27
342      2272        93         0       249       249
343      2582       222         0       121       121
344      2897       315        17        12        29
345      2898       315         3        27        30
345       952       343         0         2         2
345       949       343         0         2         2
346      2845       304        19        23        42
347      2951       343         0         4         4
348      2784       289        31        28        59
348       682       249         0        99        99
349       856       307         0        42        42
349       714       257         0        92        92
350       693       251         0        99        99
351      2651       243         1       107       108
351      2592       224         0       127       127
351       584       222        12       117       129
351       625       235         0       116       116
352      2414       146        78       128       206
352      2958       350         0         2         2
352       645       241         1       110       111
353      2277        94        52       207       259
356      2417       146        79       131       210
357      2912       321         6        30        36
358       837       302         0        56        56
358       951       343         0        15        15
359      2680       249         6       104       110
361      2781       284        11        66        77
361      2969       360         0         1         1
361      2612       230         3       128       131
361       957       350         0        11        11
361       956       350         0        11        11
361       650       241         5       115       120
362      2484       187        33       142       175
362       971       360         0         2         2
362       750       268         0        94        94
363      2595       226        29       108       137
363       835       302         1        60        61
363       836       302         0        61        61
363       691       251         1       111       112
364      2666       246        19        99       118
364      2978       364         0         0         0
365      2919       327         0        38        38
365      2831       298         9        58        67
365      2928       328         1        36        37
365       975       364         0         1         1
367      2851       305         6        56        62
367       912       321         0        46        46
367       580       214        14       139       153
367       667       246        31        90       121
367       497       188         8       171       179
367       495       188         1       178       179
367       699       254         0       113       113
367       721       259         0       108       108
367       700       254         0       113       113
367       880       312         0        55        55
367       900       315         0        52        52
367       897       315         0        52        52
367       884       313         5        49        54
367       909       319         0        48        48
367       885       313         0        54        54
367       914       321         0        46        46
367       904       319         0        48        48
367       921       327         0        40        40
367       873       310         0        57        57
367       875       310         0        57        57
367       926       328         1        38        39
367       928       328         0        39        39
367       923       327         0        40        40
367       864       309        27        31        58
367       946       343         1        23        24
367       842       304         0        63        63
367       948       343         0        24        24
367       959       350         0        17        17
367       994       367         0       367         0
368      2686       251        12       105       117
368       983       366         0         2         2
368       976       364         0         4         4
369      2763       280         1        88        89
369      4146       368         0         1         1
371      2820       297        72         2        74
371      2793       290        23        58        81
371      2636       237         0       134       134
371       525       199         0       172       172
372      2652       243        36        93       129
373      2829       298        11        64        75
373      2991       367         3         3         6
374      2886       313        11        50        61
374      2931       332        16        26        42
374       970       360         0        14        14
374       582       222         0       152       152
375      2942       338         5        32        37
376       564       212        12       152       164
376      2800       291        30        55        85
378      2675       247         0       131       131
379      2646       241         0       138       138
380      2696       254        41        85       126
382      2921       327        13        42        55
382       611       230        59        93       152
383      2758       269         1       113       114
383       982       366         0        17        17
383       870       310         3        70        73
384      1010       375         0         9         9
384       907       319         0        65        65
385       810       292         0        93        93
385       569       213         4       168       172
386      2748       267        16       103       119
387      2964       355        12        20        32
387       924       327         0        60        60
389       659       244         5       140       145
390      2855       307        55        28        83
391      2856       307        28        56        84
391      2688       251         3       137       140
391      2761       269         2       120       122
392      2887       313        11        68        79
393      2848       305         0        88        88
394      2667       246        13       135       148
394      2918       327        23        44        67
394      1025       391         0         3         3
395       704       255         5       135       140
396      2661       244        14       138       152
396       712       257        32       107       139
396      1031       392         2         2         4
396       894       314         0        82        82
397      1023       391         0         6         6
398      1026       391         0         7         7
399      2655       243        37       119       156
399       613       230         0       169       169
399       535       206        13       180       193
400      2735       263        57        80       137
400      2930       328         0        72        72
401      2973       364         9        28        37
402      2709       257        31       114       145
402      1049       401         0         1         1
403      2971       360         0        43        43
403      2723       260        21       122       143
405      2813       295        29        81       110
405      2933       332        16        57        73
405      1028       391         0        14        14
405       817       295         3       107       110
406      2892       314        41        51        92
406      2996       368        17        21        38
406      1050       401         0         5         5
406       819       295         5       106       111
407       911       321         0        86        86
409      2935       332         4        73        77
409      3056       405         0         4         4
409      1048       401         0         8         8
410      2302       106        57       247       304
410      1052       405         0         5         5
410       974       364         0        46        46
410       830       298         0       112       112
410       834       302        34        74       108
410       809       292         0       118       118
411      2777       284        34        93       127
411      2839       302         7       102       109
411      2894       314        20        77        97
412      2722       260         0       152       152
412      4167       412         0         0         0
413      2934       332         3        78        81
413      3038       400         9         4        13
413      1057       405         0         8         8
414      2949       343        13        58        71
414      2807       292        33        89       122
414      1078       413         0         1         1
415      3010       375         3        37        40
415      2917       327        26        62        88
415      2998       368        13        34        47
415       874       310        51        54       105
416      2697       254         2       160       162
416      3077       413         0         3         3
416       876       312        50        54       104
417      2774       281        13       123       136
417      2888       313         7        97       104
420      3084       418         0         2         2
421      1069       412         0         9         9
422      1080       418         0         4         4
422      1062       411         0        11        11
422      1084       418         0         4         4
423      2926       328        46        49        95
424      2927       328         2        94        96
424      3009       375        19        30        49
424      2960       355        18        51        69
425      3042       400         7        18        25
425      2943       338         1        86        87
425      2984       366        24        35        59
425      2463       171        93       161       254
426      2905       319         0       107       107
426      3001       371         3        52        55
426      2814       295         9       122       131
426      3098       425         0         1         1
427      3034       392         0        35        35
427      2999       368        29        30        59
428      2965       355        61        12        73
428      2953       350         3        75        78
428      2740       263         0       165       165
428       514       191         5       232       237
429      2197        75        32       322       354
430      2849       305         6       119       125
430      3076       413         1        16        17
430      2976       364        16        50        66
430      2749       268         0       162       162
431      1108       430         0         1         1
432      3119       432         0         0         0
433      1126       433         0         0         0
434      2317       108        65       261       326
435      3022       391        24        20        44
435      1103       427         0         8         8
435      1099       425         0        10        10
437      2895       314         7       116       123
437      2878       312        76        49       125
438      3104       427         4         7        11
438      2319       108         0       330       330
438      3147       437         0         1         1
439      2200        75         0       364       364
439      1125       433         1         5         6
440       573       213        65       162       227
440       765       280        50       110       160
440      3040       400        35         5        40
442      3031       392         3        47        50
442      2871       310        19       113       132
443      2952       350        12        81        93
443      3168       442         0         1         1
444      2328       112         0       332       332
444      2205        76         0       368       368
445      3016       386        14        45        59
445      3008       375         0        70        70
446      4190       440         0         6         6
446      4196       446         0         0         0
447      2327       112        67       268       335
447      1163       442         0         5         5
447      1169       442         0         5         5
448      2769       280         0       168       168
448       606       228        20       200       220
449      3148       440         1         8         9
450      3011       375        24        51        75
450       480       173         7       270       277
450       781       284        52       114       166
450      1179       449         0         1         1
451      3066       412         3        36        39
451      3082       418        22        11        33
451      3063       411        37         3        40
451       612       230        21       200       221
452      3142       437         7         8        15
452      3151       440         3         9        12
453      3093       425         2        26        28
453      2775       281         0       172       172
454      3166       442         7         5        12
454      2330       114         0       340       340
454      2772       281         0       173       173
454      2338       115        68       271       339
455      3051       405        16        34        50
455      2144        53        25       377       402
456      3071       413        19        24        43
456      1151       440         0        16        16
457      3099       427         5        25        30
457      3153       440        16         1        17
458      3055       405         0        53        53
458      2489       187         0       271       271
459      2959       355        33        71       104
459      1208       458         0         1         1
461      2980       366         0        95        95
461      3203       457         0         4         4
462      1211       458         0         4         4
463      3130       434         8        21        29
463      1203       457         0         6         6
464      2966       360        41        63       104
464      2499       189       100       175       275
465      2796       290         0       175       175
467      3202       457         1         9        10
467      3197       457         7         3        10
468      3060       411         7        50        57
468      3144       437        16        15        31
468      3015       386        38        44        82
468      3037       400         8        60        68
469      3126       433        24        12        36
470      3109       430         2        38        40
470      3231       469         0         1         1
470      1232       469         0         1         1
471      3046       401         4        66        70
471      2808       292       178         1       179
472      3137       436         8        28        36
473      3152       440        30         3        33
473      2809       292       179         2       181
474      3088       423        50         1        51
474      1228       469         1         4         5
474      1225       468         0         6         6
475      2843       304        28       143       171
477      3095       425        19        33        52
477      2506       190         0       287       287
478      1155       440         0        38        38
481      3100       427         0        54        54
482      3074       413        23        46        69
482      3120       433         6        43        49
482      1246       482         0         0         0
482      1147       437         0        45        45
483      3198       457         0        26        26
483      1187       451         0        32        32
483      1166       442        24        17        41
484      3139       436        10        38        48
484      1244       482         0         2         2
484      1158       441         7        36        43
484      1212       467         0        17        17
485       751       268       147        70       217
486      1157       441         0        45        45
487      1192       456         8        23        31
488      3247       488         0         0         0
488      1087       423         0        65        65
489      2353       119        74       296       370
490      2787       289        27       174       201
490      2924       328         8       154       162
490      2145        53         0       437       437
491      3260       491         0         0         0
491      1259       489         0         2         2
491       839       302        50       139       189
491       922       327        52       112       164
491       607       228        54       209       263
491       496       188        16       287       303
491       695       254        84       153       237
491       586       222        42       227       269
491       778       284        51       156       207
491       697       254        33       204       237
491       641       238        30       223       253
491       617       234        24       233       257
491       571       213        12       266       278
491       678       247        32       212       244
491       577       214        13       264       277
491      1000       368         0       123       123
491      1008       371         0       120       120
491      1001       368         0       123       123
491       996       368         5       118       123
491       958       350         0       141       141
491       997       368         4       119       123
491      1011       375         0       116       116
491      1019       386         0       105       105
491       984       366         0       125       125
491      1022       386         0       105       105
491      1033       392         0        99        99
491      1034       392         0        99        99
491      1032       392         1        98        99
491      1017       386         1       104       105
491      1037       400         0        91        91
491      1042       400         0        91        91
491      1040       400         0        91        91
491      1043       400         0        91        91
491      1044       401         0        90        90
491       990       367         0       124       124
491       829       298         0       193       193
491       844       304         0       187       187
491      1088       423         0        68        68
491      1131       434         0        57        57
491      1154       440         0        51        51
491      1150       440         0        51        51
491      1199       457         0        34        34
491      1202       457         0        34        34
491      1231       469         0        22        22
491      1229       469         0        22        22
491      1216       467         0        24        24
491      1227       469         5        17        22
491      1213       467         0        24        24
491      1196       456         0        35        35
491      1239       479         0        12        12
491      1217       467         0        24        24
491      1267       491         0       491         0
492      2357       121        76       295       371
492      4223       491         0         1         1
492      1195       456         0        36        36
492      1266       491         0       492         1
493      2355       119        76       298       374
493      1258       489         0         4         4
497      3200       457         1        39        40
497      2962       355         3       139       142
497      3217       467         0        30        30
497      3114       432        29        36        65
497      2358       121         0       376       376
497      1278       495         0         2         2
498      3122       433         0        65        65
499       902       315        55       129       184
499      1280       495         0         4         4
500      3213       467         9        24        33
500      2846       304         0       196       196

Battle result: Win
The battle ended at Timestep: 501
For Earth Army:
Total Number of Each Units:
Earth Soldiers: 620
Earth Gunneries: 247
Earth Tanks: 410
Heal Units: 11

Percentage of destructed units relative to their count:
Earth Soldiers: 44.6774%
Earth Gunneries: 61.5385%
Earth Tanks: 63.4146%
Heal Units: 100%


For Alien Army:
Total Number of Each Units:
Alien Soldiers: 312
Alien Monsters: 450
Alien Drones: 526

Percentage of destructed units relative to their count:
Alien Soldiers: 27.8846%
Alien Monsters: 88.4444%
Alien Drones: 32.3194%

For Ally Army:
Total Number of Each Units:
Saver Units: 230
Percentage of destructed units relative to their count:
Saver Units: 6.52174%
Percentage of infected soldier: 59.0323%

Total Percentage of destructed units for the 3 armies: 48.8239%
Average of First Attack Delay (Df): 7.82628
Average of Destruction Delay (Dd): 52.8496
Average of Battle Time (Db): 58.4058

Df/Db: 13.3998%
Dd/Db: 90.4869%
